6.79180e-03
6.79897e-03
6.80615e-03
6.81332e-03
6.82050e-03
6.82767e-03
6.83485e-03
6.84202e-03
6.84919e-03
6.85637e-03
6.86354e-03
6.86755e-03
6.87156e-03
6.87557e-03
6.87957e-03
6.88358e-03
6.88759e-03
6.89159e-03
6.89560e-03
6.89961e-03
6.90362e-03
6.90531e-03
6.90700e-03
6.90870e-03
6.91039e-03
6.91208e-03
6.91378e-03
6.91547e-03
6.91716e-03
6.91886e-03
6.92055e-03
6.92078e-03
6.92102e-03
6.92125e-03
6.92148e-03
6.92171e-03
6.92195e-03
6.92218e-03
6.92241e-03
6.92265e-03
6.92288e-03
6.92251e-03
6.92213e-03
6.92176e-03
6.92139e-03
6.92101e-03
6.92064e-03
6.92027e-03
6.91989e-03
6.91952e-03
6.91915e-03
6.91960e-03
6.92004e-03
6.92049e-03
6.92094e-03
6.92139e-03
6.92184e-03
6.92229e-03
6.92274e-03
6.92319e-03
6.92363e-03
6.92511e-03
6.92658e-03
6.92805e-03
6.92952e-03
6.93099e-03
6.93246e-03
6.93394e-03
6.93541e-03
6.93688e-03
6.93835e-03
6.94072e-03
6.94309e-03
6.94546e-03
6.94783e-03
6.95020e-03
6.95256e-03
6.95493e-03
6.95730e-03
6.95967e-03
6.96204e-03
6.96533e-03
6.96863e-03
6.97192e-03
6.97521e-03
6.97851e-03
6.98180e-03
6.98509e-03
6.98838e-03
6.99168e-03
6.99497e-03
7.00121e-03
7.00746e-03
7.01370e-03
7.01994e-03
7.02618e-03
7.03242e-03
7.03867e-03
7.04491e-03
7.05115e-03
7.05739e-03
7.06652e-03
7.07566e-03
7.08479e-03
7.09392e-03
7.10305e-03
7.11218e-03
7.12131e-03
7.13044e-03
7.13957e-03
7.14870e-03
7.16279e-03
7.17689e-03
7.19098e-03
7.20508e-03
7.21918e-03
7.23327e-03
7.24737e-03
7.26146e-03
7.27556e-03
7.28965e-03
7.30873e-03
7.32780e-03
7.34687e-03
7.36595e-03
7.38502e-03
7.40410e-03
7.42317e-03
7.44225e-03
7.46132e-03
7.48039e-03
7.50889e-03
7.53739e-03
7.56589e-03
7.59439e-03
7.62289e-03
7.65139e-03
7.67989e-03
7.70839e-03
7.73689e-03
7.76539e-03
7.80370e-03
7.84200e-03
7.88030e-03
7.91860e-03
7.95690e-03
7.99520e-03
8.03350e-03
8.07180e-03
8.11011e-03
8.14841e-03
8.19903e-03
8.24965e-03
8.30028e-03
8.35090e-03
8.40152e-03
8.45215e-03
8.50277e-03
8.55339e-03
8.60402e-03
8.65464e-03
8.71742e-03
8.78021e-03
8.84299e-03
8.90577e-03
8.96855e-03
9.03134e-03
9.09412e-03
9.15690e-03
9.21969e-03
9.28247e-03
9.36188e-03
9.44130e-03
9.52071e-03
9.60013e-03
9.67954e-03
9.75896e-03
9.83837e-03
9.91779e-03
9.99720e-03
1.00766e-02
1.01707e-02
1.02649e-02
1.03590e-02
1.04531e-02
1.05473e-02
1.06414e-02
1.07355e-02
1.08296e-02
1.09238e-02
1.10179e-02
1.11315e-02
1.12451e-02
1.13587e-02
1.14723e-02
1.15859e-02
1.16995e-02
1.18131e-02
1.19267e-02
1.20403e-02
1.21539e-02
1.22864e-02
1.24189e-02
1.25513e-02
1.26838e-02
1.28163e-02
1.29488e-02
1.30813e-02
1.32138e-02
1.33463e-02
1.34788e-02
1.36318e-02
1.37849e-02
1.39379e-02
1.40909e-02
1.42440e-02
1.43970e-02
1.45501e-02
1.47031e-02
1.48561e-02
1.50092e-02
1.51821e-02
1.53551e-02
1.55280e-02
1.57010e-02
1.58739e-02
1.60469e-02
1.62198e-02
1.63928e-02
1.65657e-02
1.67387e-02
1.69368e-02
1.71350e-02
1.73332e-02
1.75314e-02
1.77296e-02
1.79277e-02
1.81259e-02
1.83241e-02
1.85223e-02
1.87205e-02
1.89391e-02
1.91578e-02
1.93765e-02
1.95952e-02
1.98139e-02
2.00326e-02
2.02513e-02
2.04699e-02
2.06886e-02
2.09073e-02
2.11526e-02
2.13980e-02
2.16433e-02
2.18886e-02
2.21339e-02
2.23792e-02
2.26246e-02
2.28699e-02
2.31152e-02
2.33605e-02
2.36311e-02
2.39017e-02
2.41723e-02
2.44429e-02
2.47136e-02
2.49842e-02
2.52548e-02
2.55254e-02
2.57960e-02
2.60666e-02
2.63664e-02
2.66662e-02
2.69660e-02
2.72658e-02
2.75656e-02
2.78654e-02
2.81652e-02
2.84650e-02
2.87648e-02
2.90646e-02
2.93830e-02
2.97014e-02
3.00199e-02
3.03383e-02
3.06567e-02
3.09751e-02
3.12936e-02
3.16120e-02
3.19304e-02
3.22488e-02
3.25913e-02
3.29337e-02
3.32762e-02
3.36186e-02
3.39610e-02
3.43035e-02
3.46459e-02
3.49884e-02
3.53308e-02
3.56732e-02
3.60454e-02
3.64175e-02
3.67896e-02
3.71618e-02
3.75339e-02
3.79060e-02
3.82782e-02
3.86503e-02
3.90224e-02
3.93946e-02
3.98014e-02
4.02082e-02
4.06150e-02
4.10218e-02
4.14286e-02
4.18355e-02
4.22423e-02
4.26491e-02
4.30559e-02
4.34627e-02
4.39011e-02
4.43394e-02
4.47778e-02
4.52161e-02
4.56545e-02
4.60928e-02
4.65311e-02
4.69695e-02
4.74078e-02
4.78462e-02
4.83198e-02
4.87934e-02
4.92670e-02
4.97406e-02
5.02142e-02
5.06878e-02
5.11614e-02
5.16350e-02
5.21086e-02
5.25822e-02
5.30846e-02
5.35869e-02
5.40893e-02
5.45916e-02
5.50939e-02
5.55963e-02
5.60986e-02
5.66009e-02
5.71033e-02
5.76056e-02
5.81427e-02
5.86797e-02
5.92168e-02
5.97538e-02
6.02909e-02
6.08279e-02
6.13650e-02
6.19020e-02
6.24391e-02
6.29762e-02
6.35439e-02
6.41117e-02
6.46794e-02
6.52472e-02
6.58149e-02
6.63827e-02
6.69504e-02
6.75182e-02
6.80860e-02
6.86537e-02
6.92502e-02
6.98467e-02
7.04433e-02
7.10398e-02
7.16363e-02
7.22328e-02
7.28293e-02
7.34258e-02
7.40224e-02
7.46189e-02
7.51984e-02
7.57779e-02
7.63574e-02
7.69369e-02
7.75165e-02
7.80960e-02
7.86755e-02
7.92550e-02
7.98345e-02
8.04140e-02
8.10275e-02
8.16410e-02
8.22545e-02
8.28680e-02
8.34815e-02
8.40950e-02
8.47085e-02
8.53220e-02
8.59355e-02
8.65490e-02
8.72019e-02
8.78548e-02
8.85078e-02
8.91607e-02
8.98136e-02
9.04665e-02
9.11194e-02
9.17723e-02
9.24253e-02
9.30782e-02
9.37778e-02
9.44775e-02
9.51772e-02
9.58768e-02
9.65765e-02
9.72761e-02
9.79758e-02
9.86755e-02
9.93751e-02
1.00075e-01
1.00816e-01
1.01557e-01
1.02298e-01
1.03039e-01
1.03780e-01
1.04521e-01
1.05262e-01
1.06003e-01
1.06744e-01
1.07485e-01
1.08281e-01
1.09076e-01
1.09872e-01
1.10667e-01
1.11462e-01
1.12258e-01
1.13053e-01
1.13849e-01
1.14644e-01
1.15439e-01
1.16290e-01
1.17141e-01
1.17992e-01
1.18842e-01
1.19693e-01
1.20544e-01
1.21395e-01
1.22245e-01
1.23096e-01
1.23947e-01
1.24874e-01
1.25801e-01
1.26728e-01
1.27655e-01
1.28583e-01
1.29510e-01
1.30437e-01
1.31364e-01
1.32291e-01
1.33218e-01
1.34222e-01
1.35226e-01
1.36230e-01
1.37233e-01
1.38237e-01
1.39241e-01
1.40244e-01
1.41248e-01
1.42252e-01
1.43255e-01
1.44350e-01
1.45444e-01
1.46539e-01
1.47633e-01
1.48727e-01
1.49822e-01
1.50916e-01
1.52010e-01
1.53105e-01
1.54199e-01
1.55368e-01
1.56537e-01
1.57706e-01
1.58874e-01
1.60043e-01
1.61212e-01
1.62381e-01
1.63550e-01
1.64719e-01
1.65887e-01
1.67206e-01
1.68524e-01
1.69842e-01
1.71160e-01
1.72479e-01
1.73797e-01
1.75115e-01
1.76434e-01
1.77752e-01
1.79070e-01
1.80524e-01
1.81977e-01
1.83431e-01
1.84885e-01
1.86338e-01
1.87792e-01
1.89245e-01
1.90699e-01
1.92153e-01
1.93606e-01
1.95207e-01
1.96807e-01
1.98408e-01
2.00008e-01
2.01609e-01
2.03209e-01
2.04810e-01
2.06410e-01
2.08011e-01
2.09612e-01
2.11329e-01
2.13047e-01
2.14764e-01
2.16482e-01
2.18199e-01
2.19917e-01
2.21634e-01
2.23352e-01
2.25069e-01
2.26787e-01
2.28633e-01
2.30479e-01
2.32326e-01
2.34172e-01
2.36019e-01
2.37865e-01
2.39712e-01
2.41558e-01
2.43405e-01
2.45251e-01
2.47198e-01
2.49144e-01
2.51091e-01
2.53037e-01
2.54983e-01
2.56930e-01
2.58876e-01
2.60823e-01
2.62769e-01
2.64716e-01
2.66750e-01
2.68784e-01
2.70819e-01
2.72853e-01
2.74887e-01
2.76921e-01
2.78956e-01
2.80990e-01
2.83024e-01
2.85058e-01
2.87137e-01
2.89215e-01
2.91294e-01
2.93372e-01
2.95451e-01
2.97529e-01
2.99608e-01
3.01686e-01
3.03764e-01
3.05843e-01
3.07963e-01
3.10084e-01
3.12204e-01
3.14325e-01
3.16445e-01
3.18565e-01
3.20686e-01
3.22806e-01
3.24927e-01
3.27047e-01
3.29174e-01
3.31300e-01
3.33427e-01
3.35554e-01
3.37681e-01
3.39807e-01
3.41934e-01
3.44061e-01
3.46187e-01
3.48314e-01
3.50459e-01
3.52603e-01
3.54748e-01
3.56893e-01
3.59037e-01
3.61182e-01
3.63326e-01
3.65471e-01
3.67616e-01
3.69760e-01
3.71889e-01
3.74018e-01
3.76148e-01
3.78277e-01
3.80406e-01
3.82535e-01
3.84664e-01
3.86793e-01
3.88922e-01
3.91051e-01
3.93157e-01
3.95263e-01
3.97369e-01
3.99475e-01
4.01581e-01
4.03686e-01
4.05792e-01
4.07898e-01
4.10004e-01
4.12110e-01
4.14168e-01
4.16226e-01
4.18285e-01
4.20343e-01
4.22402e-01
4.24460e-01
4.26518e-01
4.28577e-01
4.30635e-01
4.32693e-01
4.34722e-01
4.36751e-01
4.38779e-01
4.40808e-01
4.42836e-01
4.44865e-01
4.46894e-01
4.48922e-01
4.50951e-01
4.52979e-01
4.54945e-01
4.56911e-01
4.58877e-01
4.60843e-01
4.62809e-01
4.64775e-01
4.66741e-01
4.68707e-01
4.70673e-01
4.72639e-01
4.74566e-01
4.76493e-01
4.78420e-01
4.80348e-01
4.82275e-01
4.84202e-01
4.86129e-01
4.88056e-01
4.89983e-01
4.91910e-01
4.93776e-01
4.95643e-01
4.97509e-01
4.99376e-01
5.01242e-01
5.03108e-01
5.04975e-01
5.06841e-01
5.08708e-01
5.10574e-01
5.12395e-01
5.14216e-01
5.16037e-01
5.17858e-01
5.19679e-01
5.21500e-01
5.23321e-01
5.25142e-01
5.26962e-01
5.28783e-01
5.30547e-01
5.32310e-01
5.34073e-01
5.35836e-01
5.37599e-01
5.39363e-01
5.41126e-01
5.42889e-01
5.44652e-01
5.46415e-01
5.48145e-01
5.49875e-01
5.51605e-01
5.53335e-01
5.55065e-01
5.56795e-01
5.58525e-01
5.60254e-01
5.61984e-01
5.63714e-01
5.65390e-01
5.67066e-01
5.68741e-01
5.70417e-01
5.72093e-01
5.73768e-01
5.75444e-01
5.77120e-01
5.78796e-01
5.80471e-01
5.82104e-01
5.83736e-01
5.85369e-01
5.87001e-01
5.88634e-01
5.90267e-01
5.91899e-01
5.93532e-01
5.95164e-01
5.96797e-01
5.98380e-01
5.99963e-01
6.01546e-01
6.03129e-01
6.04712e-01
6.06295e-01
6.07878e-01
6.09461e-01
6.11044e-01
6.12627e-01
6.14158e-01
6.15688e-01
6.17219e-01
6.18749e-01
6.20280e-01
6.21810e-01
6.23341e-01
6.24871e-01
6.26402e-01
6.27933e-01
6.29399e-01
6.30866e-01
6.32333e-01
6.33800e-01
6.35267e-01
6.36734e-01
6.38201e-01
6.39668e-01
6.41134e-01
6.42601e-01
6.44038e-01
6.45474e-01
6.46910e-01
6.48347e-01
6.49783e-01
6.51220e-01
6.52656e-01
6.54092e-01
6.55529e-01
6.56965e-01
6.58333e-01
6.59701e-01
6.61069e-01
6.62437e-01
6.63805e-01
6.65173e-01
6.66541e-01
6.67909e-01
6.69277e-01
6.70645e-01
6.71977e-01
6.73309e-01
6.74641e-01
6.75973e-01
6.77305e-01
6.78636e-01
6.79968e-01
6.81300e-01
6.82632e-01
6.83964e-01
6.85249e-01
6.86533e-01
6.87818e-01
6.89102e-01
6.90387e-01
6.91672e-01
6.92956e-01
6.94241e-01
6.95525e-01
6.96810e-01
6.98043e-01
6.99276e-01
7.00509e-01
7.01742e-01
7.02975e-01
7.04208e-01
7.05441e-01
7.06675e-01
7.07908e-01
7.09141e-01
7.10319e-01
7.11497e-01
7.12674e-01
7.13852e-01
7.15030e-01
7.16208e-01
7.17386e-01
7.18564e-01
7.19742e-01
7.20920e-01
7.22051e-01
7.23181e-01
7.24312e-01
7.25443e-01
7.26573e-01
7.27704e-01
7.28835e-01
7.29966e-01
7.31096e-01
7.32227e-01
7.33305e-01
7.34383e-01
7.35461e-01
7.36539e-01
7.37617e-01
7.38695e-01
7.39772e-01
7.40850e-01
7.41928e-01
7.43006e-01
7.44043e-01
7.45080e-01
7.46117e-01
7.47154e-01
7.48191e-01
7.49228e-01
7.50264e-01
7.51301e-01
7.52338e-01
7.53375e-01
7.54340e-01
7.55304e-01
7.56269e-01
7.57233e-01
7.58197e-01
7.59162e-01
7.60126e-01
7.61091e-01
7.62055e-01
7.63020e-01
7.63927e-01
7.64834e-01
7.65741e-01
7.66648e-01
7.67555e-01
7.68462e-01
7.69369e-01
7.70276e-01
7.71183e-01
7.72090e-01
7.72924e-01
7.73758e-01
7.74592e-01
7.75426e-01
7.76260e-01
7.77094e-01
7.77928e-01
7.78762e-01
7.79596e-01
7.80430e-01
7.81223e-01
7.82016e-01
7.82809e-01
7.83602e-01
7.84395e-01
7.85188e-01
7.85981e-01
7.86774e-01
7.87567e-01
7.88360e-01
7.89078e-01
7.89795e-01
7.90512e-01
7.91230e-01
7.91947e-01
7.92665e-01
7.93382e-01
7.94100e-01
7.94817e-01
7.95535e-01
7.96175e-01
7.96815e-01
7.97454e-01
7.98094e-01
7.98734e-01
7.99374e-01
8.00014e-01
8.00654e-01
8.01294e-01
8.01934e-01
8.02514e-01
8.03094e-01
8.03674e-01
8.04254e-01
8.04834e-01
8.05414e-01
8.05994e-01
8.06574e-01
8.07154e-01
8.07734e-01
8.08248e-01
8.08763e-01
8.09278e-01
8.09792e-01
8.10307e-01
8.10821e-01
8.11336e-01
8.11850e-01
8.12365e-01
8.12880e-01
8.13327e-01
8.13774e-01
8.14222e-01
8.14669e-01
8.15117e-01
8.15564e-01
8.16012e-01
8.16459e-01
8.16906e-01
8.17354e-01
8.17759e-01
8.18164e-01
8.18569e-01
8.18975e-01
8.19380e-01
8.19785e-01
8.20190e-01
8.20595e-01
8.21000e-01
8.21406e-01
8.21731e-01
8.22056e-01
8.22381e-01
8.22707e-01
8.23032e-01
8.23357e-01
8.23682e-01
8.24007e-01
8.24333e-01
8.24658e-01
8.24928e-01
8.25197e-01
8.25467e-01
8.25737e-01
8.26006e-01
8.26276e-01
8.26546e-01
8.26815e-01
8.27085e-01
8.27355e-01
8.27564e-01
8.27774e-01
8.27983e-01
8.28193e-01
8.28402e-01
8.28612e-01
8.28821e-01
8.29031e-01
8.29241e-01
8.29450e-01
8.29600e-01
8.29750e-01
8.29900e-01
8.30050e-01
8.30200e-01
8.30350e-01
8.30500e-01
8.30650e-01
8.30799e-01
8.30949e-01
8.31040e-01
8.31131e-01
8.31222e-01
8.31313e-01
8.31404e-01
8.31494e-01
8.31585e-01
8.31676e-01
8.31767e-01
8.31858e-01
8.31890e-01
8.31922e-01
8.31955e-01
8.31987e-01
8.32019e-01
8.32051e-01
8.32084e-01
8.32116e-01
8.32148e-01
8.32181e-01
